401266794
401266795
401266796
401266797
401266798
401266799
401266804
401266805
401266806
401267150
401267151
401267152
401267173
401267174
401267175
401267177
401267178
401267179
401267180
401267181
401267182
401267183
401267184
401267185
401267186
401267187
401267188
401267189
401267190
401267191
401267192
401267193
401267194
401267195
401267196
401267197
401267198
401267199
401267200
401267201
401267202
401267203
401267204
401267205
401267206
401267207
401267208
401267209
401267210
401267211
401267212
401267213
401267214
401267215
401267216
401267217
401267218
401267219
401267220
401267221
401267222
401267223
401267224
401267225
401267226
401267227
401267228
401267229
401267230
401267231
401267232
401267233
401267234
401267235
401267236
401267237
401267238
401267239
401267240
401267241
401267242
401267243
401267244
401267245
401267246
401267247
401267248
401267249
401267250
401267251
401267252
401267253
401267254
401267255
401267256
401267257
401267258
401267259
401267260
401267261
401267262
401267263
401267264
401267265
401267266
401267267
401267268
401267269
401267270
401267271
401267272
401267273
401267274
401267275
401267276
401267277
401267278
401267279
401267280
401267281
401267282
401267283
401267284
401267285
401267286
401267287
401267288
401267289
401267290
401267291
401267292
401267293
401267294
401267295
401267296
401267297
401267298
401267299
401267300
401267301
401267302
401267303
401267304
401267306
401267307
401267308
401267309
401267310
401267311
401267312
401267313
401267315
401267316
401267317
401267318
401267319
401267321
401267322
401267323
401267324
401267325
401267328
401267329
401267330
401267332
401267333
401267334
401267335
401267336
401267337
401267338
401267340
401267341
401267342
401267344
401267346
401267347
401267348
401267349
401267350
401267351
401267352
401267353
401267355
401267356
401267358
401267360
401267361
401267362
401267363
401267365
401267366
401267367
401267368
401267369
401267370
401267371
401267372
401267373
401267374
401267376
401267377
401267378
401267379
401267380
401267381
401267382
401267383
401267384
401267386
401267387
401267388
401267389
401267390
401267391
401267392
401267393
401267394
401267396
401267397
401267398
401267399
401267401
401267402
401267403
401267404
401267405
401267406
401267407
401267408
401267409
401267410
401267411
401267412
401267413
401267414
401267416
401267417
401267418
401267419
401267420
401267421
401267422
401267425
401267426
401267427
401267428
401267429
401267430
401267431
401267432
401267433
401267434
401267435
401267436
401267437
401267439
401267440
401267441
401267442
401267443
401267444
401267445
401267446
401267447
401267448
401267449
401267450
401267451
401267452
401267453
401267454
401267455
401267456
401267457
401267458
401267459
401267460
401267461
401267462
401267463
401267464
401267465
401267466
401267467
401267468
401267469
401267470
401267471
401267472
401267473
401267474
401267475
401267476
401267477
401267478
401267479
401267480
401267482
401267483
401267484
401267485
401267486
401267487
401267488
401267489
401267490
401267491
401267492
401267493
401267494
401267495
401267496
401267497
401267498
401267499
401267500
401267501
401267502
401267503
401267504
401267505
401267506
401267507
401267508
401267509
401267510
401267511
401267512
401267513
401267514
401267515
401267516
401267517
401267518
401267519
401267520
401267521
401267523
401267524
401267525
401267526
401267527
401267528
401267529
401267530
401267531
401267532
401267533
401267534
401267535
401267536
401267537
401267538
401267539
401267540
401267541
401267542
401267543
401267544
401267545
401267546
401267547
401267548
401267549
401267550
401267551
401267552
401267553
401267554
401267555
401267556
401267557
401267558
401267559
401267560
401267561
401267562
401267563
401267564
401267565
401267566
401267567
401267568
401267569
401267570
401267571
401267572
401267573
401267574
401267575
401267576
401267577
401267578
401267579
401267580
401267581
401267582
401267583
401267584
401267585
401267586
401267587
401267589
401267590
401267591
401267592
401267593
401267596
401267597
401267598
401267599
401267600
401267601
401267603
401267604
401267605
401267606
401267607
401267609
401267610
401267611
401267612
401267613
401267614
401267615
401267617
401267619
401267620
401267622
401267623
401267624
401267625
401267626
401267627
401267628
401267629
401267630
401267631
401267632
401267634
401267635
401267636
401267637
401267638
401267639
401267640
401267641
401267642
401267643
401267644
401267645
401267646
401267647
401267648
401267649
401267650
401267651
401267652
401267653
401267654
401267655
401267656
401267657
401267658
401267659
401267660
401267661
401267662
401267663
401267664
401267665
401267666
401267667
401267668
401267669
401267670
401267671
401267672
401267673
401267674
401267675
401267676
401267677
401267678
401267679
401267680
401267681
401267682
401267684
401267685
401267686
401267687
401267688
401267689
401267690
401267691
401267692
401267693
401267694
401267695
401267696
401267697
401267698
401267700
401267701
401267702
401267703
401267704
401267705
401267706
401267707
401267708
401267709
401267710
401267711
401267712
401267713
401267714
401267715
401267716
401267717
401267718
401282283
401282286
401282752
401282833
401283399
401283400
401297409
401299015
401302775
401307309
401307310
401307311
401307312
401307353
401307354
401307355
401307356
401307357
401307358
401307359
401307360
401307361
401307362
401307363
401307364
401307365
401307366
401307367
401307368
401307369
401307370
401307371
401307372
401307373
401307374
401307375
401307376
401307377
401307378
401307379
401307380
401307381
401307382
401307383
401307384
401307385
401307386
401307387
401307388
401307389
401307390
401307391
401307392
401307393
401307394
401307395
401307396
401307397
401307398
401307399
401307400
401307401
401307402
401307403
401307404
401307405
401307406
401307407
401307408
401307409
401307410
401307411
401307412
401307413
401307414
401307415
401307416
401307417
401307418
401307419
401307420
401307421
401307422
401307423
401307424
401307425
401307426
401307427
401307428
401307429
401307430
401307431
401307432
401307433
401307434
401307435
401307436
401307437
401307438
401307439
401307440
401307441
401307442
401307443
401307444
401307445
401307446
401307447
401307448
401307449
401307450
401307451
401307452
401307453
401307454
401307455
401307456
401307457
401307458
401307459
401307460
401307461
401307462
401307463
401307464
401307465
401307466
401307467
401307468
401307469
401307470
401307471
401307472
401307473
401307474
401307475
401307476
401307477
401307478
401307479
401307480
401307481
401307482
401307483
401307484
401307485
401307486
401307487
401307488
401307489
401307490
401307491
401307492
401307493
401307494
401307495
401307496
401307497
401307498
401307499
401307500
401307501
401307502
401307503
401307504
401307505
401307506
401307507
401307508
401307509
401307510
401307511
401307512
401307513
401307514
401307515
401307516
401307517
401307518
401307519
401307520
401307521
401307522
401307523
401307524
401307525
401307526
401307527
401307528
401307529
401307530
401307531
401307532
401307533
401307534
401307535
401307536
401307537
401307538
401307539
401307540
401307541
401307542
401307543
401307544
401307545
401307546
401307547
401307548
401307549
401307550
401307551
401307552
401307553
401307554
401307555
401307556
401307557
401307558
401307559
401307560
401307561
401307562
401307563
401307564
401307565
401307566
401307567
401307568
401307569
401307570
401307571
401307572
401307573
401307574
401307575
401307576
401307577
401307578
401307579
401307580
401307581
401307582
401307583
401307584
401307585
401307586
401307587
401307588
401307589
401307590
401307591
401307592
401307593
401307594
401307595
401307596
401307597
401307598
401307599
401307600
401307601
401307602
401307603
401307604
401307605
401307606
401307607
401307608
401307609
401307610
401307612
401307613
401307614
401307615
401307616
401307617
401307618
401307619
401307620
401307621
401307622
401307623
401307624
401307625
401307626
401307627
401307628
401307629
401307630
401307631
401307632
401307633
401307634
401307635
401307636
401307637
401307638
401307639
401307640
401307641
401307642
401307643
401307644
401307645
401307646
401307647
401307648
401307649
401307650
401307651
401307652
401307653
401307654
401307655
401307656
401307657
401307658
401307659
401307660
401307661
401307662
401307663
401307664
401307665
401307666
401307667
401307668
401307669
401307670
401307671
401307672
401307673
401307674
401307675
401307676
401307677
401307678
401307679
401307680
401307681
401307682
401307683
401307684
401307685
401307686
401307687
401307688
401307689
401307690
401307691
401307692
401307693
401307694
401307695
401307696
401307697
401307698
401307699
401307700
401307701
401307702
401307703
401307704
401307705
401307706
401307707
401307708
401307709
401307710
401307711
401307712
401307713
401307714
401307715
401307716
401307717
401307718
401307719
401307720
401307721
401307722
401307723
401307724
401307725
401307726
401307727
401307728
401307729
401307730
401307731
401307732
401307733
401307734
401307735
401307736
401307737
401307738
401307739
401307740
401307741
401307742
401307743
401307744
401307745
401307746
401307747
401307748
401307749
401307750
401307751
401307752
401307753
401307754
401307755
401307756
401307757
401307758
401307759
401307760
401307761
401307762
401307763
401307764
401307765
401307766
401307767
401307768
401307769
401307770
401307771
401307772
401307773
401307774
401307775
401307776
401307777
401307778
401307779
401307780
401307781
401307782
401307783
401307784
401307785
401307786
401307787
401307788
401307789
401307790
401307791
401307792
401307793
401307794
401307795
401307796
401307797
401307798
401307799
401307800
401307801
401307802
401307803
401307804
401307805
401307806
401307807
401307808
401307809
401307810
401307811
401307812
401307813
401307814
401307815
401307816
401307817
401307818
401307819
401307820
401307821
401307822
401307823
401307824
401307825
401307826
401307827
401307828
401307829
401307830
401307831
401307832
401307833
401307834
401307835
401307836
401307837
401307838
401307839
401307840
401307841
401307842
401307843
401307844
401307845
401307846
401307847
401307848
401307849
401307850
401307851
401307852
401307853
401307854
401307855
401307856
401307857
401307858
401307859
401307860
401307861
401307862
401307863
401307864
401307865
401307866
401307867
401307868
401307869
401307870
401307871
401307872
401307873
401307874
401307875
401307876
401307877
401307878
401307879
401307880
401307881
401307882
401307883
401307884
401307885
401307886
401307887
401307888
401307889
401307890
401307891
401307892
401307893
401307894
401309754
401313155
401320524
